// File generated with Tower of Babel version: 5.3-beta on 05/05/17
var __extends = this.__extends || function (d, b) {
    for (var p in b) if (b.hasOwnProperty(p)) d[p] = b[p];
    function __() { this.constructor = d; }
    d.prototype = b === null ? Object.create(b) : (__.prototype = b.prototype, new __());
};
var post_grand_entrance;
(function (post_grand_entrance) {
    var _B = BABYLON;
    var _M = _B.Matrix.FromValues;
    var _Q = _B.Quaternion;
    var _V = _B.Vector3;
    function CONTIG(array, offset, begin, end) {
        for(var i = 0, len = 1 + end - begin; i < len; i++) {
            array[offset + i] = begin + i;
        }
    }
    function REPEAT(array, offset, nRepeats, val) {
        for(var i = 0; i < nRepeats; i++) {
            array[offset + i] = val;
        }
    }
    var boneLengths = {
        Root:.5316,pelvis:.8933,spine_01:.6885,spine_02:.7599,spine_03:1.459,clavicle_l:1.5076,clavicle_r:1.5076,neck_01:1.103,head:1.4536,upperarm_l:2.4439,lowerarm_l:2.376,hand_l:.3278,upperarm_r:2.4439,lowerarm_r:2.376,hand_r:.3278,thigh_l:4.0303,calf_l:4.1026,foot_l:1.3356,ball_l:.6729,thigh_r:4.0303,calf_r:4.1026,foot_r:1.3356,ball_r:.6729
    };

    var lib = QI.SkeletonPoseLibrary.createLibrary("post_grand_entrance",  new _V(9.3597,16.8165,2.3734), "elbow.ik.R", boneLengths);
    new QI.Pose("basis", lib, {
        Root: _M(0,1,0,0,0,0,-1,0,1,0,0,0,0,0,.2658,1),
        pelvis: _M(0,0,1,0,.901,-.4338,0,0,.4338,.901,0,0,8.865,.4157,0,1),
        spine_01: _M(1,0,0,0,0,.7785,.6276,0,0,-.6276,.7785,0,0,.8933,0,1),
        spine_02: _M(1,0,0,0,0,.9788,-.2048,0,0,.2048,.9788,0,0,.6885,0,1),
        spine_03: _M(1,0,0,0,0,.995,-.0995,0,0,.0995,.995,0,0,.7599,0,1),
        clavicle_l: _M(-.1472,-.9891,-.0055,0,.9887,-.1469,-.0308,0,.0296,-.0099,.9995,0,.2301,2.4742,.4935,1),
        clavicle_r: _M(-.1472,.9891,.0055,0,-.9887,-.1469,-.0308,0,-.0296,-.0099,.9995,0,-.2301,2.4742,.4935,1),
        neck_01: _M(1,0,0,0,0,.9144,.4049,0,0,-.4049,.9144,0,0,3.2041,.3784,1),
        head: _M(1,0,0,0,0,.9351,-.3545,0,0,.3545,.9351,0,0,1.103,0,1),
        upperarm_l: _M(.7724,-.6345,-.0275,0,.634,.7729,-.0263,0,.038,.0029,.9993,0,0,1.5076,0,1),
        lowerarm_l: _M(1,.004,-.0055,0,.0009,.732,.6813,0,.0067,-.6813,.732,0,0,2.4439,0,1),
        hand_l: _M(.6616,.0906,-.7444,0,.0838,.9775,.1935,0,.7452,-.1904,.6391,0,.0001,2.376,0,1),
        upperarm_r: _M(.7724,.6345,.0275,0,-.634,.7729,-.0263,0,-.038,.0029,.9993,0,0,1.5076,0,1),
        lowerarm_r: _M(1,-.004,.0055,0,-.0009,.732,.6813,0,-.0067,-.6813,.732,0,0,2.4439,0,1),
        hand_r: _M(.6616,-.0906,.7444,0,-.0838,.9775,.1935,0,-.7452,-.1904,.6391,0,-.0001,2.376,0,1),
        thigh_l: _M(.8955,.2393,-.3752,0,.0986,-.9289,-.3571,0,-.4339,.2828,-.8554,0,1.0273,-.038,-.1118,1),
        calf_l: _M(.891,.0052,-.4539,0,.0488,.993,.1073,0,.4513,-.1177,.8846,0,0,4.0303,0,1),
        foot_l: _M(1,.004,.0054,0,.0032,.4248,-.9053,0,-.0059,.9053,.4248,0,0,4.1026,0,1),
        ball_l: _M(.9983,.036,-.0457,0,-.0542,.8601,-.5072,0,.0211,.5089,.8606,0,0,1.3356,0,1),
        thigh_r: _M(.8955,-.2393,.3752,0,-.0986,-.9289,-.3571,0,.4339,.2828,-.8554,0,-1.0273,-.038,-.1118,1),
        calf_r: _M(.891,-.0052,.4539,0,-.0488,.993,.1072,0,-.4513,-.1177,.8846,0,0,4.0303,0,1),
        foot_r: _M(1,-.004,-.0054,0,-.0032,.4248,-.9053,0,.0059,.9053,.4248,0,0,4.1026,0,1),
        ball_r: _M(.9983,-.036,.0457,0,.0542,.8601,-.5072,0,-.0211,.5089,.8606,0,0,1.3356,0,1)
    });

    new QI.Pose("standing", lib, {
        upperarm_l: _M(.3652,-.9306,.0267,0,.8986,.3448,-.2713,0,.2433,.123,.9621,0,0,1.5076,0,1),
        lowerarm_l: _M(.9854,-.0987,-.1389,0,.1525,.8747,.4601,0,.0761,-.4746,.8769,0,0,2.4439,0,1),
        hand_l: _M(.6016,.3726,-.7066,0,-.2048,.9269,.3144,0,.7721,-.0444,.634,0,.0001,2.376,0,1),
        upperarm_r: _M(.3652,.9306,-.0267,0,-.8986,.3448,-.2713,0,-.2433,.123,.9621,0,0,1.5076,0,1),
        lowerarm_r: _M(.9854,.0987,.1389,0,-.1525,.8747,.4601,0,-.0761,-.4746,.8769,0,0,2.4439,0,1),
        hand_r: _M(.6016,-.3726,.7066,0,.2048,.9269,.3144,0,-.7721,-.0444,.634,0,-.0001,2.376,0,1),
        thigh_l: _M(.9086,.164,-.3841,0,.0397,-.9494,-.3114,0,-.4158,.2677,-.8692,0,1.0273,-.038,-.1118,1),
        calf_l: _M(.8927,.0239,-.45,0,.0761,.9763,.2027,0,.4441,-.2152,.8697,0,0,4.0303,0,1),
        foot_l: _M(.9971,-.0677,.0344,0,.0576,.3791,-.9236,0,.0495,.9229,.3819,0,0,4.1026,0,1),
        thigh_r: _M(.9086,-.164,.3841,0,-.0397,-.9494,-.3115,0,.4158,.2677,-.8692,0,-1.0273,-.038,-.1118,1),
        calf_r: _M(.8927,-.0239,.45,0,-.0761,.9763,.2027,0,-.4441,-.2152,.8697,0,0,4.0303,0,1),
        foot_r: _M(.9971,.0677,-.0344,0,-.0576,.3791,-.9236,0,-.0494,.9229,.3819,0,0,4.1026,0,1)
    });

    new QI.Pose("headLeft.sp", lib, {
        neck_01: _M(.8596,.0389,-.5095,0,.1707,.9179,.3581,0,.4816,-.3948,.7824,0,0,3.2041,.3784,1)
    });

    new QI.Pose("headRight.sp", lib, {
        neck_01: _M(.8596,-.0389,.5095,0,-.1707,.9179,.3581,0,-.4816,-.3948,.7824,0,0,3.2041,.3784,1)
    });

    new QI.Pose("defendLeft", lib, {
        pelvis: _M(-.0827,0,.9966,0,.8979,-.4338,.0745,0,.4323,.901,.0359,0,8.5773,.4157,0,1),
        spine_03: _M(.9799,-.0064,-.1993,0,-.0168,.9933,-.1144,0,.1987,.1155,.9732,0,0,.7599,0,1),
        upperarm_l: _M(.6951,-.6212,.3619,0,.4839,.7766,.4035,0,-.5317,-.1054,.8403,0,0,1.5076,0,1),
        lowerarm_l: _M(.9521,.082,.2944,0,-.2982,.46,.8363,0,-.0669,-.8841,.4624,0,0,2.4439,0,1),
        hand_l: _M(.5457,.0801,-.8342,0,-.0518,.9967,.0618,0,.8364,.0095,.548,0,.0001,2.376,0,1),
        upperarm_r: _M(.5517,.7986,.2406,0,-.8299,.4967,.2541,0,.0834,-.3399,.9368,0,0,1.5076,0,1),
        lowerarm_r: _M(.9526,-.017,.3036,0,-.2993,-.23,.926,0,.0541,-.973,-.2242,0,0,2.4439,0,1),
        hand_r: _M(.8886,-.2371,.3927,0,.2666,.9636,-.0215,0,-.3733,.1238,.9194,0,-.0001,2.376,0,1),
        thigh_l: _M(.8843,.2261,-.4086,0,.2296,-.9724,-.0412,0,-.4067,-.0574,-.9118,0,1.0273,-.038,-.1118,1),
        calf_l: _M(.8879,-.0177,-.4597,0,.2211,.8927,.3927,0,.4035,-.4503,.7965,0,0,4.0303,0,1),
        foot_l: _M(.947,.0852,.3098,0,.2411,.4491,-.8604,0,-.2124,.8894,.4047,0,0,4.1026,0,1),
        thigh_r: _M(.9176,-.0498,.3944,0,.0334,-.979,-.2013,0,.3961,.1979,-.8966,0,-1.0273,-.038,-.1118,1),
        calf_r: _M(.8976,-.0643,.4362,0,-.1571,.8777,.4528,0,-.4119,-.4749,.7777,0,0,4.0303,0,1),
        foot_r: _M(.9763,.1383,.1665,0,.1334,.2214,-.966,0,-.1705,.9653,.1977,0,0,4.1026,0,1)
    });

    new QI.Pose("crouch", lib, {
        pelvis: _M(0,0,1,0,.9758,-.2188,0,0,.2188,.9758,0,0,7.7421,.4157,0,1),
        upperarm_l: _M(.5593,-.8243,-.0882,0,.8252,.5637,-.0359,0,.0793,-.0527,.9955,0,0,1.5076,0,1),
        lowerarm_l: _M(.969,-.0531,-.2414,0,.2472,.2154,.9447,0,.0018,-.9751,.2218,0,0,2.4439,0,1),
        hand_l: _M(.8245,.1533,-.5447,0,-.3328,.9098,-.2478,0,.4577,.3856,.8012,0,.0001,2.376,0,1),
        upperarm_r: _M(.533,.8435,.0666,0,-.8428,.5362,-.0468,0,-.0752,-.0312,.9967,0,0,1.5076,0,1),
        lowerarm_r: _M(.9744,.0573,.2174,0,-.2247,.2154,.9503,0,.0076,-.9749,.2227,0,0,2.4439,0,1),
        hand_r: _M(.8026,-.1233,.5836,0,.3119,.9208,-.2343,0,-.5084,.3701,.7775,0,-.0001,2.376,0,1),
        thigh_l: _M(.9331,.0301,-.3584,0,.1564,-.9312,.3291,0,-.3239,-.3631,-.8736,0,1.0273,-.038,-.1118,1),
        calf_l: _M(.9191,.2752,-.282,0,.1251,.475,.871,0,.3736,-.8359,.4022,0,0,4.0303,0,1),
        foot_l: _M(.977,-.1738,.1233,0,.1219,-.0187,-.9924,0,.1748,.9846,.0029,0,0,4.1026,0,1),
        thigh_r: _M(.9331,-.0301,.3584,0,-.1564,-.9312,.3291,0,.3239,-.3631,-.8736,0,-1.0273,-.038,-.1118,1),
        calf_r: _M(.9191,-.2752,.282,0,-.1251,.475,.871,0,-.3736,-.8359,.4022,0,0,4.0303,0,1),
        foot_r: _M(.977,.1738,-.1233,0,-.1219,-.0187,-.9924,0,-.1748,.9846,.0029,0,0,4.1026,0,1)
    });

    new QI.Pose("pointLeft", lib, {
        pelvis: _M(-.0827,0,.9966,0,.8979,-.4338,.0745,0,.4323,.901,.0359,0,8.5773,.4157,0,1),
        spine_03: _M(.9799,-.0064,-.1993,0,-.0168,.9933,-.1144,0,.1987,.1155,.9732,0,0,.7599,0,1),
        upperarm_l: _M(.7808,-.4261,.4569,0,.1298,.826,.5485,0,-.6112,-.369,.7002,0,0,1.5076,0,1),
        lowerarm_l: _M(.9527,.0557,.2989,0,-.1978,.8603,.4699,0,-.2309,-.5068,.8306,0,0,2.4439,0,1),
        hand_l: _M(.6133,.19,-.7666,0,.0127,.9681,.2501,0,.7897,-.1631,.5914,0,.0001,2.376,0,1),
        upperarm_r: _M(.5517,.7986,.2406,0,-.8299,.4967,.2541,0,.0834,-.3399,.9368,0,0,1.5076,0,1),
        lowerarm_r: _M(.9526,-.017,.3036,0,-.2993,-.23,.926,0,.0541,-.973,-.2242,0,0,2.4439,0,1),
        hand_r: _M(.8886,-.2371,.3927,0,.2666,.9636,-.0215,0,-.3733,.1238,.9194,0,-.0001,2.376,0,1),
        thigh_l: _M(.8843,.2261,-.4086,0,.2296,-.9724,-.0412,0,-.4067,-.0574,-.9118,0,1.0273,-.038,-.1118,1),
        calf_l: _M(.8879,-.0177,-.4597,0,.2211,.8927,.3927,0,.4035,-.4503,.7965,0,0,4.0303,0,1),
        foot_l: _M(.947,.0852,.3098,0,.2411,.4491,-.8604,0,-.2124,.8894,.4047,0,0,4.1026,0,1),
        thigh_r: _M(.9176,-.0498,.3944,0,.0334,-.979,-.2013,0,.3961,.1979,-.8966,0,-1.0273,-.038,-.1118,1),
        calf_r: _M(.8976,-.0643,.4362,0,-.1571,.8777,.4528,0,-.4119,-.4749,.7777,0,0,4.0303,0,1),
        foot_r: _M(.9763,.1383,.1665,0,.1334,.2214,-.966,0,-.1705,.9653,.1977,0,0,4.1026,0,1)
    });

})(post_grand_entrance || (post_grand_entrance = {}));