{"producer":{"name":"Blender","version":"2.79 (sub 0)","exporter_version":"5.6.0","file":"armature.babylon"},
"autoClear":true,"clearColor":[0.3672,0.3672,0.3672],"ambientColor":[0,0,0],"gravity":[0,-9.81,0],
"materials":[{"name":"armature.base_male1Skin","id":"armature.base_male1Skin","ambient":[0.5903,0.44,0.338],"diffuse":[0.4536,0.3381,0.2597],"specular":[0,0,0],"emissive":[0,0,0],"specularPower":50,"alpha":1,"backFaceCulling":true,"checkReadyOnlyOnce":false,"maxSimultaneousLights":4}],
"multiMaterials":[],
"skeletons":[{"name":"base_male1","id":0,"dimensionsAtRest":[1.0976,1.7169,0.3667],"bones":[
{"name":"hips","index":0,"matrix":[0.9972,0.0652,-0.0372,0,-0.0637,0.9972,0.0401,0,-0.0397,0.0376,-0.9985,0,0,0.8986,-0.0016,1],"rest":[1,0,0,0,0,0.9895,0.1443,0,0,0.1443,-0.9895,0,0,0.9236,-0.003,1],"parentBoneIndex":-1,"length":0.1589
,"animation":{"dataType":3,"framePerSecond":30,"keys":[
{"frame":1,"values":[0.9967,0.0513,-0.0632,0,-0.0495,0.9984,0.029,0,-0.0646,0.0258,-0.9976,0,0,0.9036,-0.0008,1]},
{"frame":2,"values":[0.9972,0.0652,-0.0372,0,-0.0637,0.9972,0.0401,0,-0.0397,0.0376,-0.9985,0,0,0.8986,-0.0016,1]},
{"frame":3,"values":[0.9983,0.0569,-0.0135,0,-0.0564,0.9976,0.0395,0,-0.0157,0.0387,-0.9991,0,0,0.8937,-0.0025,1]},
{"frame":4,"values":[0.9964,0.0837,0.0137,0,-0.0843,0.9955,0.0426,0,0.01,0.0436,-0.999,0,0,0.8888,-0.0033,1]},
{"frame":5,"values":[0.9941,0.0898,0.0607,0,-0.0926,0.9947,0.0446,0,0.0564,0.05,-0.9972,0,0,0.8838,-0.0041,1]},
{"frame":6,"values":[0.9896,0.096,0.1073,0,-0.1007,0.9941,0.0392,0,0.1029,0.0496,-0.9935,0,0,0.8789,-0.0049,1]},
{"frame":7,"values":[0.9865,0.093,0.1349,0,-0.0985,0.9945,0.0352,0,0.1309,0.048,-0.9902,0,0,0.874,-0.0058,1]},
{"frame":8,"values":[0.9832,0.1025,0.1512,0,-0.1086,0.9936,0.0326,0,0.1469,0.0485,-0.988,0,0,0.869,-0.0066,1]},
{"frame":9,"values":[0.9824,0.0941,0.1613,0,-0.0982,0.995,0.0174,0,0.1589,0.0329,-0.9867,0,0,0.8641,-0.0074,1]},
{"frame":10,"values":[0.9848,0.0903,0.1483,0,-0.0925,0.9957,0.0083,0,0.1469,0.0219,-0.9889,0,0,0.8592,-0.0082,1]},
{"frame":11,"values":[0.9878,0.0786,0.1344,0,-0.0783,0.9969,-0.0076,0,0.1346,0.003,-0.9909,0,0,0.8685,-0.007,1]},
{"frame":12,"values":[0.9878,0.0593,0.1438,0,-0.0554,0.998,-0.0308,0,0.1453,-0.0225,-0.9891,0,0,0.8779,-0.0057,1]},
{"frame":13,"values":[0.9891,0.0596,0.135,0,-0.0566,0.9981,-0.0257,0,0.1363,-0.0178,-0.9905,0,0,0.8873,-0.0045,1]},
{"frame":14,"values":[0.9914,0.0526,0.1197,0,-0.0494,0.9984,-0.029,0,0.121,-0.0228,-0.9924,0,0,0.8966,-0.0032,1]},
{"frame":15,"values":[0.9935,0.0451,0.1045,0,-0.0427,0.9988,-0.025,0,0.1054,-0.0203,-0.9942,0,0,0.906,-0.002,1]},
{"frame":16,"values":[0.995,0.0377,0.0927,0,-0.0354,0.999,-0.0261,0,0.0936,-0.0227,-0.9954,0,0,0.9153,-0.0007,1]},
{"frame":17,"values":[0.9969,0.0236,0.0752,0,-0.022,0.9995,-0.022,0,0.0757,-0.0203,-0.9969,0,0,0.9247,0.0006,1]},
{"frame":18,"values":[0.998,0.0089,0.062,0,-0.0087,1,-0.0027,0,0.062,-0.0022,-0.9981,0,0,0.934,0.0018,1]},
{"frame":19,"values":[0.9987,-0.0082,0.0498,0,0.0086,0.9999,-0.0075,0,0.0498,-0.0079,-0.9987,0,0,0.9351,0.0019,1]},
{"frame":20,"values":[0.9988,-0.026,0.0425,0,0.0258,0.9997,0.0047,0,0.0426,0.0036,-0.9991,0,0,0.9361,0.0019,1]},
{"frame":21,"values":[0.9985,-0.0502,0.0201,0,0.0502,0.9987,0.0036,0,0.0202,0.0026,-0.9998,0,0,0.9371,0.002,1]},
{"frame":22,"values":[0.9978,-0.0648,-0.0121,0,0.0648,0.9979,0.0044,0,-0.0118,0.0052,-0.9999,0,0,0.9381,0.002,1]},
{"frame":23,"values":[0.9958,-0.0836,-0.0385,0,0.0841,0.9964,0.0106,0,-0.0375,0.0138,-0.9992,0,0,0.9392,0.002,1]},
{"frame":24,"values":[0.9935,-0.0921,-0.0666,0,0.0928,0.9957,0.007,0,-0.0657,0.0132,-0.9978,0,0,0.9312,0.0008,1]},
{"frame":25,"values":[0.9881,-0.1154,-0.1015,0,0.1165,0.9932,0.005,0,-0.1002,0.0168,-0.9948,0,0,0.9232,-0.0005,1]},
{"frame":26,"values":[0.9806,-0.1453,-0.1315,0,0.1469,0.9892,0.002,0,-0.1298,0.0213,-0.9913,0,0,0.9151,-0.0018,1]},
{"frame":27,"values":[0.9719,-0.1585,-0.1739,0,0.1606,0.987,-0.0016,0,-0.1719,0.0263,-0.9848,0,0,0.9071,-0.0031,1]},
{"frame":28,"values":[0.9648,-0.1589,-0.2093,0,0.1617,0.9868,-0.0038,0,-0.2072,0.0301,-0.9778,0,0,0.8991,-0.0043,1]},
{"frame":29,"values":[0.9562,-0.1745,-0.2351,0,0.1752,0.9844,-0.0181,0,-0.2346,0.0238,-0.9718,0,0,0.8911,-0.0056,1]},
{"frame":30,"values":[0.9545,-0.1727,-0.2432,0,0.168,0.985,-0.0399,0,-0.2465,0.0028,-0.9691,0,0,0.8831,-0.0069,1]},
{"frame":31,"values":[0.9585,-0.1704,-0.2286,0,0.16,0.9851,-0.0635,0,-0.236,-0.0243,-0.9714,0,0,0.8751,-0.0081,1]},
{"frame":32,"values":[0.9651,-0.1596,-0.2074,0,0.1446,0.9858,-0.0857,0,-0.2181,-0.0527,-0.9745,0,0,0.8671,-0.0094,1]},
{"frame":33,"values":[0.9696,-0.1336,-0.2051,0,0.1143,0.9881,-0.1033,0,-0.2164,-0.0767,-0.9733,0,0,0.8725,-0.0087,1]},
{"frame":34,"values":[0.9707,-0.1304,-0.2018,0,0.1089,0.9875,-0.1143,0,-0.2142,-0.089,-0.9727,0,0,0.8779,-0.0081,1]},
{"frame":35,"values":[0.9748,-0.1143,-0.1915,0,0.0932,0.9889,-0.116,0,-0.2026,-0.0952,-0.9746,0,0,0.8833,-0.0074,1]},
{"frame":36,"values":[0.98,-0.0914,-0.1768,0,0.0732,0.9915,-0.1072,0,-0.1851,-0.0921,-0.9784,0,0,0.8947,-0.0058,1]},
{"frame":37,"values":[0.9841,-0.0758,-0.1605,0,0.0614,0.9938,-0.0931,0,-0.1666,-0.0817,-0.9826,0,0,0.9062,-0.0042,1]},
{"frame":38,"values":[0.9874,-0.0653,-0.1443,0,0.0542,0.9954,-0.0796,0,-0.1488,-0.0707,-0.9863,0,0,0.9177,-0.0027,1]},
{"frame":39,"values":[0.9884,-0.0573,-0.141,0,0.0491,0.9969,-0.061,0,-0.144,-0.0533,-0.9881,0,0,0.9291,-0.0011,1]},
{"frame":40,"values":[0.9886,-0.0383,-0.1459,0,0.0325,0.9986,-0.0417,0,-0.1473,-0.0365,-0.9884,0,0,0.9406,0.0004,1]},
{"frame":41,"values":[0.9891,-0.0106,-0.1467,0,0.0078,0.9998,-0.0193,0,-0.1468,-0.0179,-0.989,0,0,0.9452,0.001,1]},
{"frame":42,"values":[0.9926,-0.0001,-0.1215,0,-0.0015,0.9999,-0.0136,0,-0.1215,-0.0137,-0.9925,0,0,0.9499,0.0016,1]},
{"frame":43,"values":[0.995,0.0179,-0.0981,0,-0.0176,0.9998,0.0031,0,-0.0981,0.0014,-0.9952,0,0,0.9546,0.0022,1]},
{"frame":44,"values":[0.9966,0.0351,-0.0746,0,-0.0345,0.9994,0.0098,0,-0.0749,0.0072,-0.9972,0,0,0.9592,0.0027,1]},
{"frame":45,"values":[0.998,0.035,-0.0523,0,-0.0344,0.9993,0.0132,0,-0.0527,0.0114,-0.9985,0,0,0.9578,0.0024,1]}],"loopBehavior":1,"name":"anim","property":"_matrix"}},
{"name":"thigh.L","index":1,"matrix":[0.9895,-0.1321,-0.058,0,-0.1361,-0.9881,-0.0712,0,-0.0479,0.0783,-0.9958,0,0.1085,-0.0034,-0.0113,1],"rest":[0.9938,0.0997,0.0483,0,0.1025,-0.9928,-0.0612,0,0.0419,0.0658,-0.997,0,0.1085,-0.0034,-0.0113,1],"parentBoneIndex":0,"length":0.4176
,"animation":{"dataType":3,"framePerSecond":30,"keys":[
{"frame":1,"values":[0.9913,-0.1269,-0.0336,0,-0.1259,-0.9916,0.0306,0,-0.0372,-0.0261,-0.999,0,0.1085,-0.0034,-0.0113,1]},
{"frame":2,"values":[0.9895,-0.1321,-0.058,0,-0.1361,-0.9881,-0.0712,0,-0.0479,0.0783,-0.9958,0,0.1085,-0.0034,-0.0113,1]},
{"frame":3,"values":[0.9901,-0.105,-0.0927,0,-0.1192,-0.9792,-0.1639,0,-0.0735,0.1734,-0.9821,0,0.1085,-0.0034,-0.0113,1]},
{"frame":4,"values":[0.9877,-0.1225,-0.0976,0,-0.1463,-0.9436,-0.2971,0,-0.0557,0.3077,-0.9499,0,0.1085,-0.0034,-0.0113,1]},
{"frame":5,"values":[0.9896,-0.1348,-0.0496,0,-0.1433,-0.9017,-0.408,0,0.0103,0.4109,-0.9116,0,0.1085,-0.0034,-0.0113,1]},
{"frame":6,"values":[0.9904,-0.1383,0.0045,0,-0.1217,-0.8863,-0.4469,0,0.0658,0.4421,-0.8946,0,0.1085,-0.0034,-0.0113,1]},
{"frame":7,"values":[0.99,-0.1353,0.039,0,-0.0982,-0.8618,-0.4976,0,0.1009,0.4888,-0.8665,0,0.1085,-0.0034,-0.0113,1]},
{"frame":8,"values":[0.9876,-0.1443,0.0615,0,-0.0882,-0.8348,-0.5435,0,0.1298,0.5314,-0.8372,0,0.1085,-0.0034,-0.0113,1]},
{"frame":9,"values":[0.9873,-0.137,0.0802,0,-0.0675,-0.8196,-0.569,0,0.1437,0.5563,-0.8184,0,0.1085,-0.0034,-0.0113,1]},
{"frame":10,"values":[0.9887,-0.1285,0.0769,0,-0.0589,-0.8058,-0.5892,0,0.1377,0.5781,-0.8043,0,0.1085,-0.0034,-0.0113,1]},
{"frame":11,"values":[0.9908,-0.1118,0.0756,0,-0.0456,-0.8045,-0.5922,0,0.127,0.5833,-0.8023,0,0.1085,-0.0034,-0.0113,1]},
{"frame":12,"values":[0.9919,-0.0819,0.0966,0,-0.0327,-0.9024,-0.4296,0,0.1224,0.423,-0.8978,0,0.1085,-0.0034,-0.0113,1]},
{"frame":13,"values":[0.9952,-0.0679,0.0701,0,-0.0407,-0.9414,-0.3349,0,0.0888,0.3304,-0.9396,0,0.1085,-0.0034,-0.0113,1]},
{"frame":14,"values":[0.9981,-0.0504,0.0347,0,-0.041,-0.9719,-0.2319,0,0.0454,0.23,-0.9721,0,0.1085,-0.0034,-0.0113,1]},
{"frame":15,"values":[0.9995,-0.0321,0.0016,0,-0.0316,-0.9909,-0.1308,0,0.0058,0.1306,-0.9914,0,0.1085,-0.0034,-0.0113,1]},
{"frame":16,"values":[0.9994,-0.0184,-0.0287,0,-0.0189,-0.9997,-0.0166,0,-0.0283,0.0172,-0.9994,0,0.1085,-0.0034,-0.0113,1]},
{"frame":17,"values":[0.9983,-0.0047,-0.0579,0,0.0005,-0.996,0.0892,0,-0.0581,-0.0891,-0.9943,0,0.1085,-0.0034,-0.0113,1]},
{"frame":18,"values":[0.9968,0.0072,-0.0797,0,0.0212,-0.9841,0.1765,0,-0.0772,-0.1777,-0.9811,0,0.1085,-0.0034,-0.0113,1]},
{"frame":19,"values":[0.9963,0.0163,-0.0845,0,0.0404,-0.9555,0.2921,0,-0.0759,-0.2945,-0.9526,0,0.1085,-0.0034,-0.0113,1]},
{"frame":20,"values":[0.9977,0.0322,-0.0594,0,0.0521,-0.9263,0.3731,0,-0.043,-0.3753,-0.9259,0,0.1085,-0.0034,-0.0113,1]},
{"frame":21,"values":[0.9964,0.0495,-0.0693,0,0.0756,-0.8891,0.4514,0,-0.0392,-0.455,-0.8896,0,0.1085,-0.0034,-0.0113,1]},
{"frame":22,"values":[0.9955,0.0673,-0.0665,0,0.0916,-0.8597,0.5026,0,-0.0233,-0.5064,-0.862,0,0.1085,-0.0034,-0.0113,1]},
{"frame":23,"values":[0.9938,0.0999,-0.0481,0,0.11,-0.8353,0.5387,0,0.0137,-0.5407,-0.8411,0,0.1085,-0.0034,-0.0113,1]},
{"frame":24,"values":[0.9911,0.133,-0.0074,0,0.1134,-0.8131,0.571,0,0.07,-0.5667,-0.8209,0,0.1085,-0.0034,-0.0113,1]},
{"frame":25,"values":[0.9824,0.1868,0.0065,0,0.1458,-0.7876,0.5987,0,0.117,-0.5872,-0.801,0,0.1085,-0.0034,-0.0113,1]},
{"frame":26,"values":[0.9604,0.2694,0.0705,0,0.1683,-0.7633,0.6238,0,0.2218,-0.5872,-0.7784,0,0.1085,-0.0034,-0.0113,1]},
{"frame":27,"values":[0.9346,0.3359,0.1173,0,0.1895,-0.7491,0.6348,0,0.3011,-0.571,-0.7637,0,0.1085,-0.0034,-0.0113,1]},
{"frame":28,"values":[0.9316,0.3507,0.0952,0,0.2143,-0.7419,0.6354,0,0.2935,-0.5715,-0.7663,0,0.1085,-0.0034,-0.0113,1]},
{"frame":29,"values":[0.9366,0.3499,0.0179,0,0.2517,-0.7077,0.6602,0,0.2437,-0.6139,-0.7509,0,0.1085,-0.0034,-0.0113,1]},
{"frame":30,"values":[0.9501,0.306,-0.0601,0,0.2564,-0.6568,0.7091,0,0.1775,-0.6892,-0.7025,0,0.1085,-0.0034,-0.0113,1]},
{"frame":31,"values":[0.958,0.2671,-0.104,0,0.2459,-0.5795,0.777,0,0.1473,-0.7699,-0.6209,0,0.1085,-0.0034,-0.0113,1]},
{"frame":32,"values":[0.9673,0.2191,-0.1276,0,0.2261,-0.5171,0.8255,0,0.1149,-0.8274,-0.5498,0,0.1085,-0.0034,-0.0113,1]},
{"frame":33,"values":[0.9769,0.1624,-0.1389,0,0.2044,-0.5202,0.8292,0,0.0624,-0.8384,-0.5414,0,0.1085,-0.0034,-0.0113,1]},
{"frame":34,"values":[0.9802,0.1414,-0.1387,0,0.1938,-0.5413,0.8182,0,0.0406,-0.8289,-0.5579,0,0.1085,-0.0034,-0.0113,1]},
{"frame":35,"values":[0.986,0.1146,-0.121,0,0.1653,-0.5805,0.7973,0,0.0211,-0.8062,-0.5913,0,0.1085,-0.0034,-0.0113,1]},
{"frame":36,"values":[0.9916,0.0798,-0.1014,0,0.129,-0.6392,0.7582,0,-0.0043,-0.7649,-0.6441,0,0.1085,-0.0034,-0.0113,1]},
{"frame":37,"values":[0.9957,0.0556,-0.074,0,0.0916,-0.7077,0.7006,0,-0.0134,-0.7043,-0.7097,0,0.1085,-0.0034,-0.0113,1]},
{"frame":38,"values":[0.9983,0.0375,-0.0454,0,0.0578,-0.7719,0.6331,0,-0.0113,-0.6347,-0.7727,0,0.1085,-0.0034,-0.0113,1]},
{"frame":39,"values":[0.9991,0.021,-0.0354,0,0.0371,-0.8322,0.5533,0,-0.0179,-0.5541,-0.8322,0,0.1085,-0.0034,-0.0113,1]},
{"frame":40,"values":[0.9992,-0.0075,-0.038,0,0.0109,-0.8875,0.4606,0,-0.0371,-0.4607,-0.8868,0,0.1085,-0.0034,-0.0113,1]},
{"frame":41,"values":[0.9981,-0.0452,-0.0423,0,-0.0267,-0.9309,0.3643,0,-0.0559,-0.3625,-0.9303,0,0.1085,-0.0034,-0.0113,1]},
{"frame":42,"values":[0.9977,-0.0577,-0.0346,0,-0.0447,-0.953,0.2995,0,-0.0502,-0.2973,-0.9535,0,0.1085,-0.0034,-0.0113,1]},
{"frame":43,"values":[0.9961,-0.0812,-0.0329,0,-0.0723,-0.9737,0.2161,0,-0.0496,-0.2129,-0.9758,0,0.1085,-0.0034,-0.0113,1]},
{"frame":44,"values":[0.9948,-0.1,-0.0209,0,-0.0962,-0.9861,0.1353,0,-0.0342,-0.1326,-0.9906,0,0.1085,-0.0034,-0.0113,1]},
{"frame":45,"values":[0.9948,-0.1017,-0.0099,0,-0.1012,-0.9941,0.0402,0,-0.0139,-0.039,-0.9991,0,0.1085,-0.0034,-0.0113,1]}],"loopBehavior":1,"name":"anim","property":"_matrix"}},
{"name":"shin.L","index":2,"matrix":[1,-0.0049,0.0094,0,0,0.8873,0.4612,0,-0.0105,-0.4612,0.8872,0,0,0.4176,0,1],"rest":[1,0,0,0,0,0.994,0.1093,0,0,-0.1094,0.994,0,0,0.4176,0,1],"parentBoneIndex":1,"length":0.4362
,"animation":{"dataType":3,"framePerSecond":30,"keys":[
{"frame":1,"values":[0.9999,-0.0068,0.0106,0,0,0.8418,0.5397,0,-0.0126,-0.5397,0.8418,0,0,0.4176,0,1]},
{"frame":2,"values":[1,-0.0049,0.0094,0,0,0.8873,0.4612,0,-0.0105,-0.4612,0.8872,0,0,0.4176,0,1]},
{"frame":3,"values":[1,-0.0033,0.0078,0,0,0.9221,0.3869,0,-0.0085,-0.3869,0.9221,0,0,0.4176,0,1]},
{"frame":4,"values":[1,-0.001,0.0041,0,0,0.9725,0.2329,0,-0.0042,-0.2329,0.9725,0,0,0.4176,0,1]},
{"frame":5,"values":[1,0,0,0,0,0.994,0.1094,0,0,-0.1094,0.994,0,0,0.4176,0,1]},
{"frame":12,"values":[1,-0.0046,0.0091,0,0,0.8938,0.4484,0,-0.0102,-0.4484,0.8938,0,0,0.4176,0,1]},
{"frame":13,"values":[0.9999,-0.0091,0.0115,0,0,0.7836,0.6213,0,-0.0147,-0.6212,0.7835,0,0,0.4176,0,1]},
{"frame":14,"values":[0.9999,-0.0123,0.0113,0,0,0.6772,0.7358,0,-0.0167,-0.7357,0.6771,0,0,0.4176,0,1]},
{"frame":15,"values":[0.9998,-0.0152,0.0109,0,0,0.5839,0.8118,0,-0.0187,-0.8117,0.5838,0,0,0.4176,0,1]},
{"frame":16,"values":[0.9998,-0.0165,0.0096,0,0,0.5034,0.8641,0,-0.0191,-0.8639,0.5033,0,0,0.4176,0,1]},
{"frame":17,"values":[0.9998,-0.0174,0.0089,0,0,0.4562,0.8899,0,-0.0196,-0.8897,0.4561,0,0,0.4176,0,1]},
{"frame":18,"values":[0.9998,-0.018,0.0086,0,0,0.4311,0.9023,0,-0.02,-0.9021,0.431,0,0,0.4176,0,1]},
{"frame":19,"values":[0.9998,-0.0178,0.0085,0,0,0.4295,0.9031,0,-0.0198,-0.9029,0.4294,0,0,0.4176,0,1]},
{"frame":20,"values":[0.9998,-0.0174,0.009,0,0,0.4602,0.8878,0,-0.0196,-0.8877,0.4601,0,0,0.4176,0,1]},
{"frame":21,"values":[0.9998,-0.0164,0.0102,0,0,0.5271,0.8498,0,-0.0193,-0.8496,0.527,0,0,0.4176,0,1]},
{"frame":22,"values":[0.9998,-0.0141,0.0111,0,0,0.6201,0.7846,0,-0.018,-0.7844,0.62,0,0,0.4176,0,1]},
{"frame":23,"values":[0.9999,-0.0116,0.0119,0,0,0.7136,0.7005,0,-0.0166,-0.7004,0.7135,0,0,0.4176,0,1]},
{"frame":24,"values":[0.9999,-0.0093,0.0121,0,0,0.7915,0.6112,0,-0.0152,-0.6111,0.7914,0,0,0.4176,0,1]},
{"frame":25,"values":[0.9999,-0.0075,0.0117,0,0,0.8433,0.5374,0,-0.0139,-0.5373,0.8433,0,0,0.4176,0,1]},
{"frame":26,"values":[0.9999,-0.0062,0.0109,0,0,0.8697,0.4936,0,-0.0125,-0.4935,0.8696,0,0,0.4176,0,1]},
{"frame":27,"values":[0.9999,-0.0051,0.0099,0,0,0.8878,0.4602,0,-0.0112,-0.4602,0.8877,0,0,0.4176,0,1]},
{"frame":28,"values":[1,-0.0042,0.0088,0,0,0.9009,0.4341,0,-0.0098,-0.434,0.9008,0,0,0.4176,0,1]},
{"frame":29,"values":[0.9999,-0.0056,0.0107,0,0,0.8844,0.4667,0,-0.0121,-0.4667,0.8843,0,0,0.4176,0,1]},
{"frame":30,"values":[0.9999,-0.0081,0.0119,0,0,0.8278,0.561,0,-0.0144,-0.5609,0.8278,0,0,0.4176,0,1]},
{"frame":31,"values":[0.9999,-0.0121,0.0115,0,0,0.6896,0.7242,0,-0.0167,-0.7241,0.6895,0,0,0.4176,0,1]},
{"frame":32,"values":[0.9998,-0.0158,0.0106,0,0,0.556,0.8312,0,-0.0191,-0.8311,0.5559,0,0,0.4176,0,1]},
{"frame":33,"values":[0.9998,-0.0166,0.0093,0,0,0.4898,0.8718,0,-0.019,-0.8717,0.4897,0,0,0.4176,0,1]},
{"frame":34,"values":[0.9998,-0.0171,0.0084,0,0,0.44,0.898,0,-0.019,-0.8978,0.4399,0,0,0.4176,0,1]},
{"frame":35,"values":[0.9998,-0.0172,0.008,0,0,0.4225,0.9064,0,-0.019,-0.9062,0.4224,0,0,0.4176,0,1]},
{"frame":36,"values":[0.9998,-0.0171,0.0082,0,0,0.4337,0.901,0,-0.019,-0.9009,0.4337,0,0,0.4176,0,1]},
{"frame":37,"values":[0.9998,-0.0168,0.0089,0,0,0.4664,0.8846,0,-0.019,-0.8844,0.4664,0,0,0.4176,0,1]},
{"frame":38,"values":[0.9998,-0.0163,0.0098,0,0,0.5134,0.8582,0,-0.019,-0.858,0.5133,0,0,0.4176,0,1]},
{"frame":39,"values":[0.9998,-0.0157,0.0107,0,0,0.5624,0.8269,0,-0.019,-0.8267,0.5623,0,0,0.4176,0,1]},
{"frame":40,"values":[0.9998,-0.014,0.0112,0,0,0.6227,0.7825,0,-0.0179,-0.7823,0.6226,0,0,0.4176,0,1]},
{"frame":41,"values":[0.9999,-0.0124,0.0114,0,0,0.6765,0.7364,0,-0.0169,-0.7363,0.6764,0,0,0.4176,0,1]},
{"frame":42,"values":[0.9999,-0.0111,0.0113,0,0,0.7115,0.7027,0,-0.0159,-0.7026,0.7114,0,0,0.4176,0,1]},
{"frame":43,"values":[0.9999,-0.0099,0.011,0,0,0.7447,0.6674,0,-0.0148,-0.6673,0.7446,0,0,0.4176,0,1]},
{"frame":44,"values":[0.9999,-0.0085,0.0109,0,0,0.7892,0.6142,0,-0.0138,-0.6141,0.7891,0,0,0.4176,0,1]},
{"frame":45,"values":[0.9999,-0.0069,0.0107,0,0,0.8398,0.543,0,-0.0127,-0.5429,0.8397,0,0,0.4176,0,1]}],"loopBehavior":1,"name":"anim","property":"_matrix"}},
{"name":"foot.L","index":3,"matrix":[0.9986,-0.0289,-0.0434,0,-0.0392,0.1352,-0.99,0,0.0345,0.9904,0.1339,0,0,0.4362,0,1],"rest":[0.9993,0.0265,0.0248,0,0.0112,0.4262,-0.9046,0,-0.0345,0.9043,0.4256,0,0,0.4362,0,1],"parentBoneIndex":2,"length":0.1406
,"animation":{"dataType":3,"framePerSecond":30,"keys":[
{"frame":1,"values":[0.9996,-0.0273,0.0044,0,0.0067,0.087,-0.9962,0,0.0268,0.9958,0.0872,0,0,0.4362,0,1]},
{"frame":2,"values":[0.9986,-0.0289,-0.0434,0,-0.0392,0.1352,-0.99,0,0.0345,0.9904,0.1339,0,0,0.4362,0,1]},
{"frame":3,"values":[0.9971,-0.0337,-0.0684,0,-0.0621,0.1609,-0.985,0,0.0442,0.9864,0.1583,0,0,0.4362,0,1]},
{"frame":4,"values":[0.9969,-0.0546,-0.0558,0,-0.0415,0.2345,-0.9712,0,0.0661,0.9706,0.2315,0,0,0.4362,0,1]},
{"frame":5,"values":[0.9977,-0.0681,-0.005,0,0.014,0.2758,-0.9611,0,0.0669,0.9588,0.2761,0,0,0.4362,0,1]},
{"frame":6,"values":[0.9974,-0.0716,-0.0117,0,0.0104,0.2998,-0.9539,0,0.0718,0.9513,0.2998,0,0,0.4362,0,1]},
{"frame":7,"values":[0.9966,-0.0827,-0.0011,0,0.0285,0.3563,-0.934,0,0.0777,0.9307,0.3574,0,0,0.4362,0,1]},
{"frame":8,"values":[0.996,-0.086,0.0262,0,0.0572,0.381,-0.9228,0,0.0693,0.9206,0.3844,0,0,0.4362,0,1]},
{"frame":9,"values":[0.9935,-0.0939,0.0637,0,0.0999,0.4594,-0.8826,0,0.0536,0.8833,0.4658,0,0,0.4362,0,1]},
{"frame":10,"values":[0.9862,-0.0907,0.1388,0,0.1657,0.5736,-0.8022,0,-0.0068,0.8141,0.5807,0,0,0.4362,0,1]},
{"frame":11,"values":[0.9765,-0.071,0.2035,0,0.194,0.7012,-0.6861,0,-0.094,0.7094,0.6985,0,0,0.4362,0,1]},
{"frame":12,"values":[0.9674,-0.0427,0.2495,0,0.2042,0.7142,-0.6695,0,-0.1496,0.6986,0.6997,0,0,0.4362,0,1]},
{"frame":13,"values":[0.9221,0.0366,0.3852,0,0.2325,0.7433,-0.6273,0,-0.3093,0.668,0.6769,0,0,0.4362,0,1]},
{"frame":14,"values":[0.9236,0.0268,0.3825,0,0.2539,0.7048,-0.6624,0,-0.2873,0.7089,0.6441,0,0,0.4362,0,1]},
{"frame":15,"values":[0.9701,-0.0433,0.2389,0,0.2196,0.5763,-0.7872,0,-0.1036,0.8161,0.5686,0,0,0.4362,0,1]},
{"frame":16,"values":[0.9899,-0.0611,0.1282,0,0.1419,0.4641,-0.8743,0,-0.0061,0.8837,0.468,0,0,0.4362,0,1]},
{"frame":17,"values":[0.9946,-0.0535,0.089,0,0.1022,0.3493,-0.9314,0,0.0187,0.9355,0.3529,0,0,0.4362,0,1]},
{"frame":18,"values":[0.9918,-0.0478,0.1184,0,0.1269,0.2645,-0.956,0,0.0144,0.9632,0.2684,0,0,0.4362,0,1]},
{"frame":19,"values":[0.9922,-0.044,0.1165,0,0.1229,0.1986,-0.9723,0,0.0197,0.9791,0.2024,0,0,0.4362,0,1]},
{"frame":20,"values":[0.9954,-0.0364,0.0883,0,0.0927,0.145,-0.9851,0,0.023,0.9888,0.1477,0,0,0.4362,0,1]},
{"frame":21,"values":[0.9882,-0.0506,0.1443,0,0.149,0.1068,-0.983,0,0.0343,0.993,0.1131,0,0,0.4362,0,1]},
{"frame":22,"values":[0.9831,-0.0628,0.172,0,0.1755,0.0557,-0.9829,0,0.0522,0.9965,0.0658,0,0,0.4362,0,1]},
{"frame":23,"values":[0.9705,-0.0829,0.2265,0,0.2343,0.1011,-0.9669,0,0.0572,0.9914,0.1175,0,0,0.4362,0,1]},
{"frame":24,"values":[0.9513,-0.1074,0.2889,0,0.2982,0.0832,-0.9509,0,0.0781,0.9907,0.1112,0,0,0.4362,0,1]},
{"frame":25,"values":[0.9369,-0.1244,0.3267,0,0.3369,0.0722,-0.9388,0,0.0932,0.9896,0.1096,0,0,0.4362,0,1]},
{"frame":26,"values":[0.9104,-0.1613,0.3811,0,0.3878,0.0111,-0.9217,0,0.1444,0.9868,0.0727,0,0,0.4362,0,1]},
{"frame":27,"values":[0.8894,-0.1956,0.4131,0,0.4118,-0.0495,-0.9099,0,0.1985,0.9794,0.0365,0,0,0.4362,0,1]},
{"frame":28,"values":[0.8715,-0.1892,0.4523,0,0.4634,0.0166,-0.886,0,0.1601,0.9818,0.1021,0,0,0.4362,0,1]},
{"frame":29,"values":[0.905,-0.1526,0.3971,0,0.41,0.0637,-0.9098,0,0.1135,0.9862,0.1202,0,0,0.4362,0,1]},
{"frame":30,"values":[0.9256,-0.11,0.3622,0,0.377,0.1826,-0.908,0,0.0337,0.977,0.2105,0,0,0.4362,0,1]},
{"frame":31,"values":[0.9478,-0.0789,0.309,0,0.3187,0.2688,-0.9089,0,-0.0114,0.9599,0.2799,0,0,0.4362,0,1]},
{"frame":32,"values":[0.9656,-0.0623,0.2524,0,0.2589,0.3185,-0.9119,0,-0.0236,0.9459,0.3237,0,0,0.4362,0,1]},
{"frame":33,"values":[0.9758,-0.0586,0.2106,0,0.2185,0.2904,-0.9316,0,-0.0066,0.9551,0.2961,0,0,0.4362,0,1]},
{"frame":34,"values":[0.9827,-0.0546,0.1771,0,0.1848,0.2186,-0.9582,0,0.0136,0.9743,0.2249,0,0,0.4362,0,1]},
{"frame":35,"values":[0.9848,-0.0509,0.166,0,0.1722,0.1625,-0.9716,0,0.0225,0.9854,0.1688,0,0,0.4362,0,1]},
{"frame":36,"values":[0.9837,-0.055,0.1712,0,0.1767,0.1198,-0.9769,0,0.0332,0.9913,0.1275,0,0,0.4362,0,1]},
{"frame":37,"values":[0.9841,-0.0554,0.1688,0,0.1731,0.0831,-0.9814,0,0.0404,0.995,0.0914,0,0,0.4362,0,1]},
{"frame":38,"values":[0.9845,-0.0559,0.1664,0,0.1696,0.0584,-0.9838,0,0.0453,0.9967,0.0669,0,0,0.4362,0,1]},
{"frame":39,"values":[0.9825,-0.0617,0.1755,0,0.1781,0.0395,-0.9832,0,0.0538,0.9973,0.0498,0,0,0.4362,0,1]},
{"frame":40,"values":[0.9832,-0.0631,0.1713,0,0.1728,0.0197,-0.9848,0,0.0588,0.9978,0.0303,0,0,0.4362,0,1]},
{"frame":41,"values":[0.9838,-0.0644,0.167,0,0.1682,0.0127,-0.9857,0,0.0614,0.9978,0.0233,0,0,0.4362,0,1]},
{"frame":42,"values":[0.9907,-0.049,0.1267,0,0.1273,0.0088,-0.9918,0,0.0475,0.9988,0.015,0,0,0.4362,0,1]},
{"frame":43,"values":[0.991,-0.051,0.1237,0,0.1243,0.0083,-0.9922,0,0.0496,0.9987,0.0146,0,0,0.4362,0,1]},
{"frame":44,"values":[0.9945,-0.0435,0.0957,0,0.0964,0.0143,-0.9952,0,0.042,0.999,0.0184,0,0,0.4362,0,1]},
{"frame":45,"values":[0.9953,-0.0444,0.0859,0,0.0876,0.0387,-0.9954,0,0.0409,0.9983,0.0424,0,0,0.4362,0,1]}],"loopBehavior":1,"name":"anim","property":"_matrix"}},
{"name":"toe.L","index":4,"matrix":[1,0,0,0,0,0.9619,-0.2734,0,0,0.2734,0.9619,0,0,0.1406,0,1],"rest":[1.0031,0,0,0,0,0.8925,-0.4511,0,0,0.4511,0.8924,0,0,0.1406,0,1],"parentBoneIndex":3,"length":0.082
,"animation":{"dataType":3,"framePerSecond":30,"keys":[
{"frame":1,"values":[1,0,0,0,0,0.9242,-0.3818,0,0,0.3818,0.9242,0,0,0.1406,0,1]},
{"frame":2,"values":[1,0,0,0,0,0.9619,-0.2734,0,0,0.2734,0.9619,0,0,0.1406,0,1]},
{"frame":3,"values":[1,0,0,0,0,0.9297,-0.3683,0,0,0.3683,0.9297,0,0,0.1406,0,1]},
{"frame":4,"values":[1,0,0,0,0,0.9283,-0.3719,0,0,0.3719,0.9283,0,0,0.1406,0,1]},
{"frame":5,"values":[1,0,0,0,0,0.8804,-0.4742,0,0,0.4742,0.8804,0,0,0.1406,0,1]},
{"frame":6,"values":[1,0,0,0,0,0.9198,-0.3923,0,0,0.3923,0.9198,0,0,0.1406,0,1]},
{"frame":7,"values":[1,0,0,0,0,0.9774,-0.2113,0,0,0.2113,0.9774,0,0,0.1406,0,1]},
{"frame":8,"values":[1,0,0,0,0,0.9721,-0.2345,0,0,0.2345,0.9721,0,0,0.1406,0,1]},
{"frame":9,"values":[1,0,0,0,0,0.9492,-0.3148,0,0,0.3148,0.9492,0,0,0.1406,0,1]},
{"frame":10,"values":[1,0,0,0,0,0.836,-0.5488,0,0,0.5488,0.836,0,0,0.1406,0,1]},
{"frame":11,"values":[1,0,0,0,0,0.8127,-0.5827,0,0,0.5827,0.8127,0,0,0.1406,0,1]},
{"frame":12,"values":[1,0,0,0,0,0.8918,-0.4524,0,0,0.4524,0.8918,0,0,0.1406,0,1]},
{"frame":13,"values":[1,0,0,0,0,0.928,-0.3725,0,0,0.3725,0.928,0,0,0.1406,0,1]},
{"frame":14,"values":[1,0,0,0,0,0.902,-0.4317,0,0,0.4317,0.902,0,0,0.1406,0,1]},
{"frame":15,"values":[1,0,0,0,0,0.8627,-0.5056,0,0,0.5056,0.8627,0,0,0.1406,0,1]},
{"frame":16,"values":[1,0,0,0,0,0.7407,-0.6718,0,0,0.6718,0.7407,0,0,0.1406,0,1]},
{"frame":17,"values":[1,0,0,0,0,0.7351,-0.678,0,0,0.678,0.7351,0,0,0.1406,0,1]},
{"frame":18,"values":[1,0,0,0,0,0.7008,-0.7134,0,0,0.7134,0.7008,0,0,0.1406,0,1]},
{"frame":19,"values":[1,0,0,0,0,0.732,-0.6813,0,0,0.6813,0.732,0,0,0.1406,0,1]},
{"frame":20,"values":[1,0,0,0,0,0.9073,-0.4204,0,0,0.4204,0.9073,0,0,0.1406,0,1]},
{"frame":21,"values":[1,0,0,0,0,0.6976,-0.7165,0,0,0.7165,0.6976,0,0,0.1406,0,1]},
{"frame":22,"values":[1,0,0,0,0,0.781,-0.6246,0,0,0.6246,0.781,0,0,0.1406,0,1]},
{"frame":23,"values":[1,0,0,0,0,0.7138,-0.7004,0,0,0.7004,0.7138,0,0,0.1406,0,1]},
{"frame":24,"values":[1,0,0,0,0,0.7268,-0.6869,0,0,0.6869,0.7268,0,0,0.1406,0,1]},
{"frame":25,"values":[1,0,0,0,0,0.7458,-0.6662,0,0,0.6662,0.7457,0,0,0.1406,0,1]},
{"frame":26,"values":[1,0,0,0,0,0.7641,-0.6451,0,0,0.6451,0.7641,0,0,0.1406,0,1]},
{"frame":27,"values":[1,0,0,0,0,0.795,-0.6067,0,0,0.6067,0.795,0,0,0.1406,0,1]},
{"frame":28,"values":[1,0,0,0,0,0.7196,-0.6944,0,0,0.6944,0.7196,0,0,0.1406,0,1]},
{"frame":29,"values":[1,0,0,0,0,0.7543,-0.6566,0,0,0.6566,0.7543,0,0,0.1406,0,1]},
{"frame":30,"values":[1,0,0,0,0,0.864,-0.5035,0,0,0.5035,0.864,0,0,0.1406,0,1]},
{"frame":31,"values":[1,0,0,0,0,0.8879,-0.46,0,0,0.46,0.8879,0,0,0.1406,0,1]},
{"frame":32,"values":[1,0,0,0,0,0.8585,-0.5128,0,0,0.5128,0.8585,0,0,0.1406,0,1]},
{"frame":33,"values":[1,0,0,0,0,0.8595,-0.5111,0,0,0.5111,0.8595,0,0,0.1406,0,1]},
{"frame":34,"values":[1,0,0,0,0,0.8582,-0.5134,0,0,0.5134,0.8582,0,0,0.1406,0,1]},
{"frame":35,"values":[1,0,0,0,0,0.8509,-0.5253,0,0,0.5253,0.8509,0,0,0.1406,0,1]},
{"frame":36,"values":[1,0,0,0,0,0.8197,-0.5727,0,0,0.5727,0.8197,0,0,0.1406,0,1]},
{"frame":37,"values":[1,0,0,0,0,0.8289,-0.5595,0,0,0.5595,0.8288,0,0,0.1406,0,1]},
{"frame":38,"values":[1,0,0,0,0,0.8744,-0.4851,0,0,0.4851,0.8744,0,0,0.1406,0,1]},
{"frame":39,"values":[1,0,0,0,0,0.8525,-0.5228,0,0,0.5228,0.8525,0,0,0.1406,0,1]},
{"frame":40,"values":[1,0,0,0,0,0.8651,-0.5017,0,0,0.5017,0.8651,0,0,0.1406,0,1]},
{"frame":41,"values":[1,0,0,0,0,0.8553,-0.5181,0,0,0.5181,0.8553,0,0,0.1406,0,1]},
{"frame":42,"values":[1,0,0,0,0,0.9081,-0.4188,0,0,0.4188,0.9081,0,0,0.1406,0,1]},
{"frame":43,"values":[1,0,0,0,0,0.8569,-0.5156,0,0,0.5156,0.8569,0,0,0.1406,0,1]},
{"frame":44,"values":[1,0,0,0,0,0.9053,-0.4248,0,0,0.4248,0.9053,0,0,0.1406,0,1]},
{"frame":45,"values":[1,0,0,0,0,0.9286,-0.3711,0,0,0.3711,0.9286,0,0,0.1406,0,1]}],"loopBehavior":1,"name":"anim","property":"_matrix"}},
{"name":"thigh.R","index":5,"matrix":[0.9961,-0.0303,-0.0827,0,0.0304,-0.7631,0.6456,0,-0.0827,-0.6456,-0.7592,0,-0.1085,-0.0034,-0.0113,1],"rest":[0.9938,-0.0997,-0.0483,0,-0.1025,-0.9928,-0.0612,0,-0.0419,0.0658,-0.997,0,-0.1085,-0.0034,-0.0113,1],"parentBoneIndex":0,"length":0.4176
,"animation":{"dataType":3,"framePerSecond":30,"keys":[
{"frame":1,"values":[0.9972,-0.0059,-0.0749,0,0.0415,-0.7878,0.6145,0,-0.0627,-0.6159,-0.7854,0,-0.1085,-0.0034,-0.0113,1]},
{"frame":2,"values":[0.9961,-0.0303,-0.0827,0,0.0304,-0.7631,0.6456,0,-0.0827,-0.6456,-0.7592,0,-0.1085,-0.0034,-0.0113,1]},
{"frame":3,"values":[0.9936,-0.0394,-0.106,0,0.0427,-0.7372,0.6743,0,-0.1047,-0.6745,-0.7308,0,-0.1085,-0.0034,-0.0113,1]},
{"frame":4,"values":[0.9921,-0.0806,-0.0957,0,0.009,-0.7172,0.6968,0,-0.1248,-0.6922,-0.7109,0,-0.1085,-0.0034,-0.0113,1]},
{"frame":5,"values":[0.99,-0.1104,-0.088,0,-0.0169,-0.7111,0.7029,0,-0.1402,-0.6944,-0.7058,0,-0.1085,-0.0034,-0.0113,1]},
{"frame":6,"values":[0.9907,-0.1234,-0.0564,0,-0.0477,-0.7059,0.7067,0,-0.1271,-0.6975,-0.7053,0,-0.1085,-0.0034,-0.0113,1]},
{"frame":7,"values":[0.9881,-0.1387,-0.0669,0,-0.0491,-0.6957,0.7167,0,-0.146,-0.7049,-0.6942,0,-0.1085,-0.0034,-0.0113,1]},
{"frame":8,"values":[0.9856,-0.1524,-0.0732,0,-0.0531,-0.6899,0.7219,0,-0.1606,-0.7076,-0.6881,0,-0.1085,-0.0034,-0.0113,1]},
{"frame":9,"values":[0.9884,-0.1378,-0.0644,0,-0.0426,-0.6573,0.7524,0,-0.146,-0.7409,-0.6555,0,-0.1085,-0.0034,-0.0113,1]},
{"frame":10,"values":[0.99,-0.1228,-0.0694,0,-0.0247,-0.6351,0.7721,0,-0.1389,-0.7626,-0.6318,0,-0.1085,-0.0034,-0.0113,1]},
{"frame":11,"values":[0.9937,-0.091,-0.0656,0,-0.0059,-0.6261,0.7797,0,-0.1121,-0.7744,-0.6227,0,-0.1085,-0.0034,-0.0113,1]},
{"frame":12,"values":[0.9967,-0.0536,-0.0607,0,0.0124,-0.6403,0.768,0,-0.08,-0.7662,-0.6376,0,-0.1085,-0.0034,-0.0113,1]},
{"frame":13,"values":[0.9967,-0.0379,-0.0714,0,0.0265,-0.6812,0.7317,0,-0.0764,-0.7312,-0.6779,0,-0.1085,-0.0034,-0.0113,1]},
{"frame":14,"values":[0.9972,-0.016,-0.0726,0,0.0387,-0.7223,0.6905,0,-0.0635,-0.6914,-0.7197,0,-0.1085,-0.0034,-0.0113,1]},
{"frame":15,"values":[0.9969,0.0041,-0.0779,0,0.0526,-0.7725,0.6328,0,-0.0576,-0.635,-0.7703,0,-0.1085,-0.0034,-0.0113,1]},
{"frame":16,"values":[0.9969,0.0248,-0.0746,0,0.063,-0.8198,0.5692,0,-0.0471,-0.5721,-0.8188,0,-0.1085,-0.0034,-0.0113,1]},
{"frame":17,"values":[0.9958,0.0485,-0.0773,0,0.0811,-0.859,0.5055,0,-0.0419,-0.5097,-0.8594,0,-0.1085,-0.0034,-0.0113,1]},
{"frame":18,"values":[0.9949,0.0742,-0.0688,0,0.0965,-0.8997,0.4257,0,-0.0304,-0.4302,-0.9022,0,-0.1085,-0.0034,-0.0113,1]},
{"frame":19,"values":[0.9938,0.0962,-0.0557,0,0.1102,-0.9179,0.3813,0,-0.0144,-0.385,-0.9228,0,-0.1085,-0.0034,-0.0113,1]},
{"frame":20,"values":[0.9932,0.1146,-0.0181,0,0.1142,-0.9394,0.3233,0,0.02,-0.3232,-0.9461,0,-0.1085,-0.0034,-0.0113,1]},
{"frame":21,"values":[0.9914,0.1304,0.0135,0,0.122,-0.9556,0.2683,0,0.0478,-0.2643,-0.9632,0,-0.1085,-0.0034,-0.0113,1]},
{"frame":22,"values":[0.9908,0.1314,0.0329,0,0.1223,-0.9719,0.2009,0,0.0583,-0.1951,-0.9791,0,-0.1085,-0.0034,-0.0113,1]},
{"frame":23,"values":[0.9893,0.1396,0.043,0,0.1338,-0.984,0.1174,0,0.0587,-0.1104,-0.9922,0,-0.1085,-0.0034,-0.0113,1]},
{"frame":24,"values":[0.9891,0.1286,0.0713,0,0.126,-0.9912,0.0397,0,0.0758,-0.0303,-0.9967,0,-0.1085,-0.0034,-0.0113,1]},
{"frame":25,"values":[0.9877,0.1343,0.0802,0,0.1384,-0.9893,-0.0472,0,0.073,0.0577,-0.9957,0,-0.1085,-0.0034,-0.0113,1]},
{"frame":26,"values":[0.9863,0.1399,0.087,0,0.151,-0.9789,-0.1377,0,0.0659,0.1489,-0.9866,0,-0.1085,-0.0034,-0.0113,1]},
{"frame":27,"values":[0.9892,0.1307,0.0663,0,0.1423,-0.9653,-0.219,0,0.0354,0.226,-0.9735,0,-0.1085,-0.0034,-0.0113,1]},
{"frame":28,"values":[0.993,0.113,0.0331,0,0.1178,-0.9505,-0.2874,0,-0.001,0.2893,-0.9572,0,-0.1085,-0.0034,-0.0113,1]},
{"frame":29,"values":[0.9924,0.1225,-0.013,0,0.1109,-0.9343,-0.3388,0,-0.0537,0.3347,-0.9408,0,-0.1085,-0.0034,-0.0113,1]},
{"frame":30,"values":[0.9908,0.1209,-0.0601,0,0.0896,-0.9217,-0.3774,0,-0.101,0.3685,-0.9241,0,-0.1085,-0.0034,-0.0113,1]},
{"frame":31,"values":[0.9892,0.1159,-0.0894,0,0.0718,-0.9166,-0.3932,0,-0.1275,0.3825,-0.9151,0,-0.1085,-0.0034,-0.0113,1]},
{"frame":32,"values":[0.9839,0.1243,-0.1283,0,0.0636,-0.9147,-0.3991,0,-0.167,0.3846,-0.9079,0,-0.1085,-0.0034,-0.0113,1]},
{"frame":33,"values":[0.9798,0.1094,-0.1674,0,0.0396,-0.9267,-0.3738,0,-0.196,0.3596,-0.9123,0,-0.1085,-0.0034,-0.0113,1]},
{"frame":34,"values":[0.9799,0.1019,-0.1716,0,0.045,-0.9505,-0.3074,0,-0.1945,0.2935,-0.936,0,-0.1085,-0.0034,-0.0113,1]},
{"frame":35,"values":[0.9816,0.0893,-0.1685,0,0.0483,-0.9713,-0.233,0,-0.1844,0.2206,-0.9578,0,-0.1085,-0.0034,-0.0113,1]},
{"frame":36,"values":[0.9874,0.0693,-0.1421,0,0.047,-0.9868,-0.1549,0,-0.151,0.1463,-0.9776,0,-0.1085,-0.0034,-0.0113,1]},
{"frame":37,"values":[0.991,0.062,-0.1187,0,0.0548,-0.9965,-0.0629,0,-0.1222,0.0558,-0.9909,0,-0.1085,-0.0034,-0.0113,1]},
{"frame":38,"values":[0.993,0.0617,-0.1004,0,0.0661,-0.997,0.041,0,-0.0976,-0.0473,-0.9941,0,-0.1085,-0.0034,-0.0113,1]},
{"frame":39,"values":[0.9938,0.0634,-0.0917,0,0.0762,-0.9867,0.1438,0,-0.0813,-0.1499,-0.9853,0,-0.1085,-0.0034,-0.0113,1]},
{"frame":40,"values":[0.995,0.0515,-0.0853,0,0.0707,-0.9685,0.2388,0,-0.0703,-0.2437,-0.9673,0,-0.1085,-0.0034,-0.0113,1]},
{"frame":41,"values":[0.9955,0.0305,-0.09,0,0.0591,-0.9406,0.3344,0,-0.0745,-0.3382,-0.9381,0,-0.1085,-0.0034,-0.0113,1]},
{"frame":42,"values":[0.9966,0.0308,-0.0759,0,0.0608,-0.8986,0.4344,0,-0.0548,-0.4376,-0.8975,0,-0.1085,-0.0034,-0.0113,1]},
{"frame":43,"values":[0.9981,0.0201,-0.0586,0,0.047,-0.8622,0.5044,0,-0.0404,-0.5061,-0.8615,0,-0.1085,-0.0034,-0.0113,1]},
{"frame":44,"values":[0.9987,0.0078,-0.051,0,0.0351,-0.8271,0.561,0,-0.0378,-0.562,-0.8262,0,-0.1085,-0.0034,-0.0113,1]},
{"frame":45,"values":[0.9987,0.0119,-0.0493,0,0.0394,-0.7934,0.6075,0,-0.0319,-0.6086,-0.7928,0,-0.1085,-0.0034,-0.0113,1]}],"loopBehavior":1,"name":"anim","property":"_matrix"}},
{"name":"shin.R","index":6,"matrix":[0.9999,0.0127,-0.0115,0,0,0.6702,0.7422,0,0.0171,-0.7421,0.6701,0,0,0.4176,0,1],"rest":[1,0,0,0,0,0.994,0.1093,0,0,-0.1094,0.994,0,0,0.4176,0,1],"parentBoneIndex":5,"length":0.4362
,"animation":{"dataType":3,"framePerSecond":30,"keys":[
{"frame":1,"values":[0.9998,0.0147,-0.011,0,0,0.5985,0.8011,0,0.0184,-0.801,0.5984,0,0,0.4176,0,1]},
{"frame":2,"values":[0.9999,0.0127,-0.0115,0,0,0.6702,0.7422,0,0.0171,-0.7421,0.6701,0,0,0.4176,0,1]},
{"frame":3,"values":[0.9999,0.0106,-0.0118,0,0,0.7435,0.6687,0,0.0159,-0.6687,0.7434,0,0,0.4176,0,1]},
{"frame":4,"values":[0.9999,0.0089,-0.0116,0,0,0.7932,0.609,0,0.0146,-0.609,0.7931,0,0,0.4176,0,1]},
{"frame":5,"values":[0.9999,0.0074,-0.0111,0,0,0.8338,0.552,0,0.0133,-0.552,0.8338,0,0,0.4176,0,1]},
{"frame":6,"values":[0.9999,0.0063,-0.0103,0,0,0.8553,0.5181,0,0.0121,-0.5181,0.8552,0,0,0.4176,0,1]},
{"frame":7,"values":[0.9999,0.0073,-0.0113,0,0,0.8399,0.5427,0,0.0134,-0.5427,0.8398,0,0,0.4176,0,1]},
{"frame":8,"values":[0.9999,0.0088,-0.0119,0,0,0.8026,0.5965,0,0.0148,-0.5964,0.8026,0,0,0.4176,0,1]},
{"frame":9,"values":[0.9999,0.0112,-0.0116,0,0,0.7209,0.693,0,0.0162,-0.6929,0.7208,0,0,0.4176,0,1]},
{"frame":10,"values":[0.9999,0.0137,-0.0109,0,0,0.6243,0.7812,0,0.0175,-0.7811,0.6242,0,0,0.4176,0,1]},
{"frame":11,"values":[0.9998,0.0157,-0.0104,0,0,0.5535,0.8328,0,0.0189,-0.8327,0.5534,0,0,0.4176,0,1]},
{"frame":12,"values":[0.9998,0.0158,-0.0098,0,0,0.5268,0.85,0,0.0186,-0.8498,0.5267,0,0,0.4176,0,1]},
{"frame":13,"values":[0.9998,0.0158,-0.0094,0,0,0.5116,0.8592,0,0.0184,-0.8591,0.5115,0,0,0.4176,0,1]},
{"frame":14,"values":[0.9998,0.0155,-0.0095,0,0,0.5226,0.8526,0,0.0182,-0.8525,0.5225,0,0,0.4176,0,1]},
{"frame":15,"values":[0.9998,0.015,-0.0099,0,0,0.5504,0.8349,0,0.018,-0.8348,0.5503,0,0,0.4176,0,1]},
{"frame":16,"values":[0.9998,0.0142,-0.0106,0,0,0.5979,0.8016,0,0.0177,-0.8015,0.5978,0,0,0.4176,0,1]},
{"frame":17,"values":[0.9999,0.0135,-0.0111,0,0,0.6346,0.7728,0,0.0175,-0.7727,0.6345,0,0,0.4176,0,1]},
{"frame":18,"values":[0.9999,0.0129,-0.0115,0,0,0.6668,0.7453,0,0.0173,-0.7451,0.6667,0,0,0.4176,0,1]},
{"frame":19,"values":[0.9999,0.0125,-0.0116,0,0,0.6805,0.7328,0,0.0171,-0.7327,0.6804,0,0,0.4176,0,1]},
{"frame":20,"values":[0.9999,0.0121,-0.0117,0,0,0.6939,0.72,0,0.0169,-0.7199,0.6938,0,0,0.4176,0,1]},
{"frame":21,"values":[0.9999,0.0109,-0.0113,0,0,0.719,0.695,0,0.0157,-0.6949,0.7189,0,0,0.4176,0,1]},
{"frame":22,"values":[0.9999,0.0096,-0.0109,0,0,0.7504,0.661,0,0.0145,-0.661,0.7503,0,0,0.4176,0,1]},
{"frame":23,"values":[0.9999,0.0081,-0.0105,0,0,0.7921,0.6104,0,0.0133,-0.6103,0.792,0,0,0.4176,0,1]},
{"frame":24,"values":[0.9999,0.0067,-0.0101,0,0,0.8345,0.5511,0,0.0121,-0.551,0.8344,0,0,0.4176,0,1]},
{"frame":25,"values":[0.9999,0.0053,-0.0095,0,0,0.8738,0.4863,0,0.0109,-0.4862,0.8738,0,0,0.4176,0,1]},
{"frame":26,"values":[1,0.004,-0.0089,0,0,0.9123,0.4095,0,0.0097,-0.4095,0.9123,0,0,0.4176,0,1]},
{"frame":27,"values":[1,0.003,-0.008,0,0,0.9378,0.3473,0,0.0085,-0.3473,0.9377,0,0,0.4176,0,1]},
{"frame":28,"values":[1,0.0023,-0.007,0,0,0.9496,0.3134,0,0.0073,-0.3134,0.9496,0,0,0.4176,0,1]},
{"frame":29,"values":[1,0.0017,-0.0059,0,0,0.9586,0.2848,0,0.0061,-0.2848,0.9586,0,0,0.4176,0,1]},
{"frame":30,"values":[1,0.0013,-0.0048,0,0,0.9639,0.2663,0,0.0049,-0.2663,0.9639,0,0,0.4176,0,1]},
{"frame":31,"values":[1,0.0017,-0.0057,0,0,0.9578,0.2874,0,0.0059,-0.2874,0.9578,0,0,0.4176,0,1]},
{"frame":32,"values":[1,0.0022,-0.0066,0,0,0.9498,0.3129,0,0.007,-0.3129,0.9498,0,0,0.4176,0,1]},
{"frame":33,"values":[1,0.0029,-0.0074,0,0,0.9299,0.3679,0,0.008,-0.3679,0.9298,0,0,0.4176,0,1]},
{"frame":34,"values":[0.9999,0.0056,-0.0096,0,0,0.8663,0.4996,0,0.0111,-0.4995,0.8662,0,0,0.4176,0,1]},
{"frame":35,"values":[0.9999,0.0091,-0.011,0,0,0.7698,0.6383,0,0.0143,-0.6382,0.7697,0,0,0.4176,0,1]},
{"frame":36,"values":[0.9999,0.0131,-0.0115,0,0,0.6622,0.7493,0,0.0174,-0.7492,0.6621,0,0,0.4176,0,1]},
{"frame":37,"values":[0.9998,0.0154,-0.0102,0,0,0.5537,0.8327,0,0.0185,-0.8326,0.5536,0,0,0.4176,0,1]},
{"frame":38,"values":[0.9998,0.0174,-0.0089,0,0,0.454,0.891,0,0.0195,-0.8908,0.454,0,0,0.4176,0,1]},
{"frame":39,"values":[0.9998,0.0181,-0.0075,0,0,0.3825,0.924,0,0.0196,-0.9238,0.3824,0,0,0.4176,0,1]},
{"frame":40,"values":[0.9998,0.0183,-0.0069,0,0,0.354,0.9353,0,0.0196,-0.9351,0.3539,0,0,0.4176,0,1]},
{"frame":41,"values":[0.9998,0.0184,-0.0066,0,0,0.3394,0.9406,0,0.0196,-0.9405,0.3393,0,0,0.4176,0,1]},
{"frame":42,"values":[0.9998,0.0182,-0.0072,0,0,0.3693,0.9293,0,0.0196,-0.9291,0.3692,0,0,0.4176,0,1]},
{"frame":43,"values":[0.9998,0.0176,-0.0086,0,0,0.4364,0.8998,0,0.0196,-0.8996,0.4363,0,0,0.4176,0,1]},
{"frame":44,"values":[0.9998,0.0166,-0.0104,0,0,0.5328,0.8463,0,0.0196,-0.8461,0.5327,0,0,0.4176,0,1]},
{"frame":45,"values":[0.9998,0.0153,-0.0122,0,0,0.6227,0.7824,0,0.0196,-0.7823,0.6226,0,0,0.4176,0,1]}],"loopBehavior":1,"name":"anim","property":"_matrix"}},
{"name":"foot.R","index":7,"matrix":[0.9804,0.137,-0.1415,0,-0.1599,0.134,-0.978,0,-0.115,0.9815,0.1533,0,0,0.4362,0,1],"rest":[0.9993,-0.0265,-0.0248,0,-0.0112,0.4262,-0.9046,0,0.0345,0.9043,0.4256,0,0,0.4362,0,1],"parentBoneIndex":6,"length":0.1406
,"animation":{"dataType":3,"framePerSecond":30,"keys":[
{"frame":1,"values":[0.9807,0.1331,-0.1432,0,-0.1538,0.0725,-0.9854,0,-0.1208,0.9884,0.0915,0,0,0.4362,0,1]},
{"frame":2,"values":[0.9804,0.137,-0.1415,0,-0.1599,0.134,-0.978,0,-0.115,0.9815,0.1533,0,0,0.4362,0,1]},
{"frame":3,"values":[0.9778,0.1458,-0.1503,0,-0.1759,0.1825,-0.9674,0,-0.1136,0.9723,0.2041,0,0,0.4362,0,1]},
{"frame":4,"values":[0.9815,0.1429,-0.1271,0,-0.1528,0.1863,-0.9705,0,-0.1151,0.972,0.2047,0,0,0.4362,0,1]},
{"frame":5,"values":[0.98,0.1462,-0.1348,0,-0.1596,0.1741,-0.9717,0,-0.1186,0.9738,0.194,0,0,0.4362,0,1]},
{"frame":6,"values":[0.9784,0.1495,-0.1425,0,-0.1679,0.1737,-0.9704,0,-0.1203,0.9734,0.1951,0,0,0.4362,0,1]},
{"frame":7,"values":[0.9732,0.1552,-0.1699,0,-0.1917,0.138,-0.9717,0,-0.1274,0.9782,0.164,0,0,0.4362,0,1]},
{"frame":8,"values":[0.9787,0.1452,-0.1454,0,-0.1678,0.1564,-0.9733,0,-0.1186,0.977,0.1774,0,0,0.4362,0,1]},
{"frame":9,"values":[0.9776,0.1484,-0.1491,0,-0.1869,0.2873,-0.9394,0,-0.0966,0.9463,0.3086,0,0,0.4362,0,1]},
{"frame":10,"values":[0.9807,0.1426,-0.1335,0,-0.1722,0.3085,-0.9355,0,-0.0922,0.9405,0.3271,0,0,0.4362,0,1]},
{"frame":11,"values":[0.9847,0.136,-0.109,0,-0.1453,0.2955,-0.9442,0,-0.0962,0.9456,0.3107,0,0,0.4362,0,1]},
{"frame":12,"values":[0.987,0.1289,-0.096,0,-0.1272,0.2614,-0.9568,0,-0.0982,0.9566,0.2744,0,0,0.4362,0,1]},
{"frame":13,"values":[0.9891,0.1219,-0.0831,0,-0.1073,0.2079,-0.9723,0,-0.1012,0.9705,0.2187,0,0,0.4362,0,1]},
{"frame":14,"values":[0.9923,0.1107,-0.056,0,-0.0744,0.1693,-0.9827,0,-0.0993,0.9793,0.1763,0,0,0.4362,0,1]},
{"frame":15,"values":[0.9939,0.1038,-0.0382,0,-0.0529,0.1429,-0.9883,0,-0.0972,0.9843,0.1476,0,0,0.4362,0,1]},
{"frame":16,"values":[0.9947,0.0994,-0.0257,0,-0.0377,0.1213,-0.9919,0,-0.0955,0.9876,0.1244,0,0,0.4362,0,1]},
{"frame":17,"values":[0.9956,0.0935,-0.0032,0,-0.0145,0.1202,-0.9926,0,-0.0924,0.9883,0.121,0,0,0.4362,0,1]},
{"frame":18,"values":[0.996,0.0876,0.0193,0,0.0097,0.1086,-0.994,0,-0.0891,0.9902,0.1073,0,0,0.4362,0,1]},
{"frame":19,"values":[0.9957,0.078,0.0498,0,0.0412,0.1092,-0.9932,0,-0.0829,0.991,0.1055,0,0,0.4362,0,1]},
{"frame":20,"values":[0.9944,0.0686,0.0804,0,0.0732,0.1019,-0.9921,0,-0.0762,0.9924,0.0963,0,0,0.4362,0,1]},
{"frame":21,"values":[0.9882,0.0668,0.1377,0,0.1273,0.1405,-0.9819,0,-0.085,0.9878,0.1304,0,0,0.4362,0,1]},
{"frame":22,"values":[0.9755,0.0706,0.2085,0,0.1927,0.1846,-0.9637,0,-0.1066,0.9803,0.1665,0,0,0.4362,0,1]},
{"frame":23,"values":[0.9676,0.0834,0.2384,0,0.2153,0.2212,-0.9512,0,-0.1321,0.9717,0.196,0,0,0.4362,0,1]},
{"frame":24,"values":[0.954,0.1051,0.281,0,0.2439,0.2735,-0.9304,0,-0.1746,0.9561,0.2352,0,0,0.4362,0,1]},
{"frame":25,"values":[0.942,0.1427,0.3039,0,0.2387,0.3519,-0.9051,0,-0.2361,0.9251,0.2974,0,0,0.4362,0,1]},
