// File generated with Tower of Babel version: 5.3-beta on 10/04/17
var __extends = this.__extends || function (d, b) {
    for (var p in b) if (b.hasOwnProperty(p)) d[p] = b[p];
    function __() { this.constructor = d; }
    d.prototype = b === null ? Object.create(b) : (__.prototype = b.prototype, new __());
};
var idle;
(function (idle) {
    var _B = BABYLON;
    var _M = _B.Matrix.FromValues;
    var _Q = _B.Quaternion;
    var _V = _B.Vector3;
    var boneLengths = {
        Root:.5316,pelvis:.843,spine_01:.6468,spine_02:.8874,spine_03:1.4858,clavicle_l:1.2863,clavicle_r:1.2863,neck_01:1.1404,head:1.3425,upperarm_l:2.2666,lowerarm_l:2.0522,hand_l:.2808,upperarm_r:2.2666,lowerarm_r:2.0522,hand_r:.2808,thigh_l:3.614,calf_l:3.6967,foot_l:1.193,ball_l:.5962,thigh_r:3.614,calf_r:3.6967,foot_r:1.193,ball_r:.5962
    };

    var lib = QI.SkeletonPoseLibrary.createLibrary("game_rig_library",  new _V(8.3797,15.5167,2.2106), "Root", boneLengths);
    new QI.Pose("basis", lib, {
        Root: _M(0,1,0,0,0,0,-1,0,1,0,0,0,0,0,.2658,1),
        pelvis: _M(0,0,1,0,.8467,-.5321,0,0,.5321,.8467,0,0,8.0382,.4961,0,1),
        spine_01: _M(1,0,0,0,0,.6242,.7812,0,0,-.7812,.6242,0,0,.843,0,1),
        spine_02: _M(1,0,0,0,0,.9797,-.2004,0,0,.2004,.9797,0,0,.6468,0,1),
        spine_03: _M(1,0,0,0,0,.9922,-.1244,0,0,.1244,.9922,0,0,.8874,0,1),
        clavicle_l: _M(-.1183,-.9918,.0488,0,.993,-.1178,.0118,0,-.006,.0499,.9987,0,.22,2.2148,.0564,1),
        clavicle_r: _M(-.1183,.9918,-.0488,0,-.993,-.1178,.0118,0,.006,.0499,.9987,0,-.22,2.2148,.0564,1),
        neck_01: _M(1,0,0,0,0,.931,.365,0,0,-.365,.931,0,0,2.8736,-.1534,1),
        head: _M(1,0,0,0,0,.9141,-.4056,0,0,.4056,.9141,0,0,1.1404,0,1),
        upperarm_l: _M(.7576,-.6525,-.0139,0,.6523,.7577,-.0168,0,.0215,.0036,.9998,0,-.0001,1.2863,0,1),
        lowerarm_l: _M(.9999,-.0106,.001,0,.0077,.7822,.623,0,-.0073,-.623,.7822,0,.0001,2.2666,0,1),
        hand_l: _M(.6566,.094,-.7484,0,.1021,.972,.2117,0,.7473,-.2154,.6286,0,0,2.0521,0,1),
        upperarm_r: _M(.7576,.6525,.0139,0,-.6523,.7577,-.0168,0,-.0215,.0036,.9998,0,.0001,1.2863,0,1),
        lowerarm_r: _M(.9999,.0106,-.001,0,-.0077,.7822,.623,0,.0073,-.623,.7822,0,-.0001,2.2666,0,1),
        hand_r: _M(.6566,-.094,.7484,0,-.1021,.972,.2117,0,-.7473,-.2154,.6286,0,0,2.0521,0,1),
        thigh_l: _M(.8872,.2838,-.3638,0,.0958,-.8846,-.4564,0,-.4514,.3701,-.812,0,.9176,-.0551,-.1072,1),
        calf_l: _M(.8903,.0079,-.4552,0,.0529,.9913,.1206,0,.4522,-.1315,.8822,0,0,3.614,0,1),
        foot_l: _M(.9998,.0101,.0164,0,.0106,.4274,-.904,0,-.0161,.904,.4272,0,0,3.6967,0,1),
        ball_l: _M(.9952,.0789,-.0574,0,-.0968,.871,-.4817,0,.012,.4849,.8745,0,.0001,1.193,0,1),
        thigh_r: _M(.8872,-.2839,.3638,0,-.0958,-.8846,-.4564,0,.4514,.3701,-.812,0,-.9176,-.0551,-.1072,1),
        calf_r: _M(.8903,-.0079,.4552,0,-.0529,.9913,.1206,0,-.4522,-.1315,.8822,0,0,3.614,0,1),
        foot_r: _M(.9998,-.0101,-.0164,0,-.0105,.4274,-.904,0,.0161,.904,.4272,0,0,3.6967,0,1),
        ball_r: _M(.9952,-.0789,.0574,0,.0968,.871,-.4817,0,-.012,.4849,.8745,0,-.0001,1.193,0,1)
    });

    new QI.Pose("idle-1", lib, {
        pelvis: _M(0,0,1,0,.8467,-.5321,0,0,.5321,.8467,0,0,7.8706,.7904,-.1289,1),
        upperarm_l: _M(.3482,-.9374,-.0096,0,.9197,.3396,.1972,0,-.1816,-.0775,.9803,0,-.0001,1.2863,0,1),
        lowerarm_l: _M(.9937,-.0384,-.105,0,.0585,.9789,.1957,0,.0953,-.2006,.975,0,.0001,2.2665,0,1),
        hand_l: _M(.6098,.2075,-.7649,0,-.2595,.9642,.0547,0,.7488,.1652,.6418,0,0,2.0521,0,1),
        upperarm_r: _M(.3575,.929,-.0953,0,-.8932,.3104,-.3254,0,-.2728,.2014,.9408,0,.0001,1.2863,0,1),
        lowerarm_r: _M(.9777,.141,.1558,0,-.2089,.7337,.6466,0,-.0231,-.6647,.7468,0,-.0001,2.2666,0,1),
        hand_r: _M(.4462,-.0972,.8896,0,.3368,.9392,-.0664,0,-.8291,.3293,.4518,0,0,2.0521,0,1),
        thigh_l: _M(.904,.1781,-.3886,0,.0417,-.9415,-.3345,0,-.4254,.2862,-.8585,0,.9176,-.0551,-.1072,1),
        calf_l: _M(.8972,.0707,-.4359,0,.1451,.8851,.4422,0,.4171,-.46,.7839,0,0,3.614,0,1),
        foot_l: _M(.9937,-.0901,.0661,0,.0848,.2223,-.9713,0,.0728,.9708,.2286,0,0,3.6967,0,1),
        thigh_r: _M(.9106,-.1027,.4004,0,.0003,-.9685,-.249,0,.4134,.2269,-.8819,0,-.9176,-.0551,-.1072,1),
        calf_r: _M(.8968,-.0674,.4373,0,-.1376,.8969,.4203,0,-.4205,-.4371,.795,0,0,3.614,0,1),
        foot_r: _M(.9885,.1229,-.0876,0,-.1239,.3298,-.9359,0,-.0862,.936,.3413,0,0,3.6967,0,1)
    });

    new QI.Pose("idle-2", lib, {
        pelvis: _M(0,-.3051,.9523,0,.8467,-.5067,-.1623,0,.5321,.8063,.2583,0,7.8706,.7904,-.1289,1),
        clavicle_l: _M(-.1183,-.9918,.0488,0,.993,-.1178,.0118,0,-.006,.0499,.9987,0,.2201,2.2148,.0564,1),
        upperarm_l: _M(.5271,-.8455,-.0859,0,.7613,.5146,-.3945,0,.3777,.1426,.9149,0,-.0001,1.2863,0,1),
        lowerarm_l: _M(.9525,-.1991,-.2304,0,.2966,.4356,.8499,0,-.0688,-.8778,.474,0,.0001,2.2666,0,1),
        hand_l: _M(.5939,.0814,-.8004,0,-.3658,.9134,-.1785,0,.7165,.3989,.5723,0,0,2.0521,0,1),
        upperarm_r: _M(.4319,.8896,-.1484,0,-.8858,.3874,-.2557,0,-.17,.2419,.9553,0,.0001,1.2863,0,1),
        lowerarm_r: _M(.9905,.076,.1147,0,-.1367,.4456,.8848,0,.0162,-.892,.4517,0,-.0001,2.2666,0,1),
        hand_r: _M(.2429,.0287,.9696,0,.1769,.9815,-.0734,0,-.9538,.1894,.2333,0,0,2.0521,0,1),
        thigh_l: _M(.9099,.1124,-.3992,0,-.01,-.9564,-.292,0,-.4146,.2698,-.8691,0,.9176,-.0551,-.1072,1),
        calf_l: _M(.8851,-.0218,-.4649,0,.2334,.885,.4028,0,.4027,-.465,.7884,0,0,3.614,0,1),
        foot_l: _M(.9709,-.1027,-.2164,0,-.1833,.2626,-.9473,0,.1542,.9594,.2362,0,0,3.6967,0,1),
        thigh_r: _M(.9021,-.1822,.3913,0,-.0702,-.9564,-.2834,0,.4259,.2282,-.8755,0,-.9176,-.0551,-.1072,1),
        calf_r: _M(.8998,-.1573,.4069,0,-.0517,.8877,.4576,0,-.4332,-.4328,.7906,0,0,3.614,0,1),
        foot_r: _M(.929,.0999,-.3564,0,-.3699,.283,-.8849,0,.0124,.9539,.2999,0,0,3.6967,0,1)
    });

    new QI.Pose("idle-3", lib, {
        pelvis: _M(0,0,1,0,.8467,-.5321,0,0,.5321,.8467,0,0,7.8706,.7904,-.1289,1),
        upperarm_l: _M(.3285,-.9441,-.0293,0,.9442,.329,-.0162,0,.025,-.0224,.9994,0,-.0001,1.2863,0,1),
        lowerarm_l: _M(.9625,-.14,-.2324,0,.2713,.5068,.8182,0,.0032,-.8506,.5258,0,.0001,2.2666,0,1),
        hand_l: _M(.5201,.1529,-.8403,0,-.1525,.9847,.0848,0,.8404,.084,.5355,0,0,2.0521,0,1),
        upperarm_r: _M(.314,.9489,-.0317,0,-.9459,.3156,.0758,0,.082,.0062,.9966,0,.0001,1.2863,0,1),
        lowerarm_r: _M(.9889,.0825,.1233,0,-.1288,.8895,.4384,0,-.0736,-.4494,.8903,0,-.0001,2.2666,0,1),
        hand_r: _M(.1491,.1993,.9685,0,-.028,.9799,-.1974,0,-.9884,.0023,.1516,0,0,2.0521,0,1),
        thigh_l: _M(.9065,.1411,-.398,0,.0416,-.9678,-.2483,0,-.4202,.2085,-.8831,0,.9176,-.0551,-.1072,1),
        calf_l: _M(.8972,.0725,-.4356,0,.1334,.8959,.4238,0,.421,-.4383,.7941,0,0,3.614,0,1),
        foot_l: _M(.9935,-.0943,.0631,0,.0911,.3317,-.939,0,.0676,.9387,.3381,0,0,3.6967,0,1),
        thigh_r: _M(.9106,-.1027,.4004,0,.0003,-.9685,-.249,0,.4134,.2269,-.8819,0,-.9176,-.0551,-.1072,1),
        calf_r: _M(.8968,-.0674,.4373,0,-.1376,.8969,.4203,0,-.4205,-.4371,.795,0,0,3.614,0,1),
        foot_r: _M(.9885,.1229,-.0876,0,-.1239,.3298,-.9359,0,-.0862,.936,.3413,0,0,3.6967,0,1)
    });

    new QI.Pose("head left.sp", lib, {
        neck_01: _M(.7213,-.0063,-.6926,0,.2587,.9301,.2609,0,.6425,-.3674,.6725,0,0,2.8736,-.1534,1)
    });

    new QI.Pose("head right.sp", lib, {
        neck_01: _M(.7345,.0062,.6786,0,-.2535,.9301,.2658,0,-.6295,-.3673,.6847,0,0,2.8736,-.1534,1)
    });

    new QI.Pose("head down.sp", lib, {
        neck_01: _M(1,0,0,0,0,.725,.6888,0,0,-.6888,.725,0,0,2.8736,-.1534,1)
    });

})(idle || (idle = {}));